kinematics:
  shoulder:
    x: 0
    y: 0
    z: 0.12811155842670052
    roll: -0
    pitch: 0
    yaw: -8.4013345736489266e-06
  upper_arm:
    x: 8.5208303297640666e-05
    y: 0
    z: 0
    roll: 1.5708652695531613
    pitch: 0
    yaw: -1.8125763292076155e-05
  forearm:
    x: -0.61253734655807013
    y: 0
    z: 0
    roll: 3.1398413482089622
    pitch: 3.1407950627286452
    yaw: -3.1415593148763614
  wrist_1:
    x: -0.57138541515361008
    y: 0.00038464573421864159
    z: 0.1634430623115494
    roll: 3.1392392650845466
    pitch: -3.1414061722923434
    yaw: -3.1415707207799279
  wrist_2:
    x: -0.00017723661911259495
    y: -0.11593946349572956
    z: -0.0001077593040578268
    roll: 1.5717257710909012
    pitch: 0
    yaw: 4.6257323720333974e-06
  wrist_3:
    x: 0.00026775434046930746
    y: 0.092188166113930714
    z: -8.8770652071436715e-05
    roll: 1.5698333981634196
    pitch: 3.1415926535897931
    yaw: -3.1415407760967602
  hash: calib_2897857463993874818